3 14 11
0 26 5
6 13 5
10 53 12
11 35 12
10 31 11
5 44 4
1 24 4
11 36 0
10 40 3
6 15 12
2 31 9
6 43 13
11 26 5
13 15 5
11 21 8
9 15 2
5 40 3
3 8 11
5 30 13
0 20 5
8 44 11
8 32 11
4 13 11
5 50 3
11 46 2
0 33 1
1 35 11
5 42 10
11 44 3
4 21 8
3 15 9
5 34 4
13 40 10
13 43 0
0 40 8
10 40 2
7 31 11
11 32 5
0 49 11
8 50 11
9 15 1
9 8 1
13 40 3
4 15 2
2 43 10
1 4 5
8 40 10
6 0 5
0 50 5
11 27 10
9 53 3
9 18 5
8 50 4
12 10 10
2 26 0
13 8 5
3 47 2
5 42 0
4 50 9
9 31 3
7 27 1
5 26 8
4 24 1
10 29 5
0 17 11
9 6 1
5 37 12
10 41 9
5 35 4
5 46 3
3 44 4
10 39 12
8 42 3
11 39 13
3 42 5
11 42 13
5 42 4
1 10 0
3 13 11
4 16 12
10 40 1
0 35 5
0 40 1
12 26 5
1 53 11
3 44 10
0 44 5
11 46 10
12 16 0
4 15 3
2 21 11
6 26 0
6 53 13
9 41 12
0 16 3
8 16 2
9 7 4
11 15 6
5 26 3
0 43 9
5 30 6
11 12 0
13 15 10
2 46 10
13 44 11
4 17 11
11 50 3
5 39 3
10 47 5
11 10 4
5 40 9
5 52 0
12 13 11
4 43 6
1 21 11
13 17 11
2 7 5
11 31 5
2 40 0
1 9 5
9 20 5
10 42 5
10 24 1
11 43 3
5 11 4
0 43 6
4 7 10
1 20 11
3 32 11
11 39 12
1 31 3
12 31 5
13 15 12
12 54 11
2 15 7
8 16 4
13 42 3
10 7 2
0 31 13
11 36 2
9 8 5
11 10 6
12 24 13
10 40 4
1 17 4
13 26 3
11 7 2
2 34 5
0 46 10
13 34 5
2 31 8
6 22 13
3 50 11
3 46 6
11 15 7
12 41 11
5 16 0
4 16 3
3 40 7
2 14 12
13 48 11
8 50 0
11 36 8
9 15 11
7 15 3
12 21 3
5 46 0
8 7 2
6 39 0
4 42 11
5 15 4
12 26 3
5 40 6
11 44 6
7 17 4
0 8 10
12 40 7
1 46 2
1 47 11
8 16 11
5 17 13
5 10 8
1 15 6
11 16 13
5 49 11
10 17 3
5 5 13
1 43 12
5 16 11
6 24 13
12 7 7
3 52 4
6 17 13
10 34 11
5 27 7
3 16 10
2 40 1
8 21 5
9 22 5
6 17 2
7 41 13
12 41 3
12 39 10
12 50 10
7 7 5
6 15 10
5 46 12
6 31 4
9 41 10
11 5 4
0 26 3
11 46 5
10 0 5
11 42 0
5 31 3
12 5 4
10 15 7
1 16 10
0 22 5
10 44 5
5 46 2
8 50 5
2 26 13
1 35 12
3 47 10
11 38 10
12 40 11
10 42 8
4 18 9
8 42 2
7 7 11
2 21 10
6 5 0
11 16 4
5 50 11
11 47 10
11 48 13
5 40 12
12 31 3
6 48 0
5 50 4
9 40 5
0 36 13
4 31 11
3 15 13
7 40 4
4 40 2
5 7 2
5 11 11
4 50 8
11 21 13
12 41 1
8 3 5
12 46 10
7 31 8
5 40 0
2 8 1
3 26 10
5 16 1
9 41 5
5 10 4
11 50 5
10 47 8
11 42 4
2 33 5
6 16 0
1 21 3
3 46 5
9 31 10
5 7 8
0 33 12
4 49 5
11 36 4
1 14 2
1 35 4
13 33 11
8 50 3
7 26 8
6 49 0
11 42 8
12 41 0
2 7 11
9 40 1
2 17 0
10 33 5
2 31 11
9 15 12
12 7 8
12 40 1
12 41 10
1 15 7
12 21 13
5 26 2
10 21 4
11 48 5
7 32 12
10 43 1
9 37 2
6 7 0
4 15 11
1 15 0
7 41 5
11 40 12
1 26 11
5 12 4
0 16 6
10 26 4
2 16 12
4 35 1
12 42 10
9 35 3
5 11 8
2 34 8
13 36 2
8 7 12
0 26 8
4 26 11
9 31 4
12 52 10
12 52 11
4 52 3
5 46 8
4 36 10
13 50 11
5 20 2
9 41 7
0 50 3
5 27 4
7 15 12
11 34 12
1 16 5
10 16 0
8 17 5
1 23 5
3 46 11
3 50 8
11 11 8
5 23 1
4 8 12
4 7 7
4 53 1
11 40 6
12 34 4
1 13 5
13 42 5
12 21 11
12 15 13
3 6 5
8 7 5
12 15 6
12 54 5
12 27 1
8 16 1
11 30 6
11 11 5
12 14 10
5 17 11
11 40 13
10 40 0
3 20 5
0 42 3
2 26 3
4 51 9
11 50 10
13 40 12
2 46 1
3 39 11
6 31 3
8 8 11
8 34 1
6 17 3
9 15 5
11 27 12
11 33 12
11 44 12
5 7 10
0 24 5
9 34 5
2 44 3
3 44 0
13 36 10
10 26 12
10 40 7
13 42 11
5 3 11
9 41 3
9 43 6
7 7 12
12 43 1
11 44 5
10 16 8
6 31 9
13 50 3
12 47 5
12 26 10
3 44 2
8 31 5
6 17 4
13 22 6
0 17 5
1 26 2
11 46 0
12 33 10
11 38 2
13 31 11
8 16 12
8 26 4
3 17 5
0 41 4
8 20 11
0 32 5
2 47 3
1 38 4
10 41 6
9 50 8
5 31 11
7 8 9
0 21 11
5 44 6
4 31 5
10 7 8
1 46 12
7 34 12
10 46 0
11 15 4
8 16 5
4 26 13
6 6 5
2 46 3
9 26 8
10 15 6
1 21 5
3 14 5
11 38 0
3 16 11
3 52 11
11 15 9
8 13 11
12 46 3
10 28 12
2 42 3
4 44 3
11 47 12
1 24 9
0 17 4
1 41 9
3 26 0
4 31 3
11 5 5
1 38 12
1 15 13
0 44 3
9 26 0
9 45 1
7 17 9
10 24 5
13 44 3
10 3 5
2 26 4
5 40 7
11 26 10
12 4 5
12 34 5
11 47 2
12 21 0
11 21 3
5 34 0
2 8 12
4 22 5
6 40 4
3 21 8
11 36 13
9 7 5
12 35 5
5 39 12
9 24 5
10 46 8
11 7 3
8 33 13
12 33 3
0 28 11
3 33 5
6 52 11
12 40 5
13 31 5
12 21 8
11 36 3
1 20 5
10 52 12
4 8 11
12 33 1
3 50 4
9 17 3
11 21 5
12 44 13
0 33 8
8 47 10
6 21 0
2 17 8
4 42 5
2 40 10
5 36 11
1 41 2
0 16 1
13 32 11
12 32 2
0 13 11
10 50 4
0 42 11
8 31 3
13 40 7
12 43 10
8 40 0
8 41 11
8 46 5
0 32 4
7 41 11
11 42 3
6 21 8
11 16 8
10 40 9
0 42 5
0 7 6
6 23 13
10 42 13
12 44 11
12 38 5
10 17 11
12 31 10
11 0 5
10 41 0
10 32 11
8 41 9
4 28 11
11 34 1
2 46 12
13 8 3
12 40 2
1 46 5
4 24 11
1 41 11
2 21 4
11 3 5
12 26 11
5 35 2
9 21 5
4 35 5
9 27 12
4 40 6
11 40 8
10 44 13
7 44 3
9 7 7
2 44 5
13 33 5
9 23 11
10 20 12
2 24 5
3 36 11
7 15 1
10 21 5
13 36 4
8 40 4
13 13 5
7 32 1
1 52 0
0 14 6
8 7 4
11 39 3
7 43 4
13 52 5
6 8 4
0 53 13
7 31 4
1 27 2
7 8 1
3 26 4
4 17 8
11 15 0
4 50 11
13 38 6
8 34 2
3 15 0
1 45 4
0 34 12
0 8 1
2 33 9
8 21 11
9 41 6
10 41 7
4 15 8
12 27 11
9 13 3
7 20 11
9 7 11
2 25 5
2 17 11
5 5 3
8 16 3
9 21 0
12 50 3
4 42 10
8 49 5
7 17 5
4 45 1
7 53 5
2 41 13
13 40 11
7 26 0
12 24 1
13 23 6
1 39 12
7 31 6
6 49 5
0 16 10
11 12 7
11 52 5
2 16 5
12 21 4
3 27 5
7 31 10
11 32 3
3 15 6
13 44 10
4 26 5
12 34 0
9 35 2
4 16 1
10 20 5
5 17 3
4 40 8
3 20 12
10 35 5
4 21 11
2 17 4
6 44 5
0 50 9
5 34 2
3 13 5
9 50 5
13 39 11
11 44 10
0 21 4
11 6 5
11 39 5
10 31 13
0 21 13
12 41 4
11 33 5
8 41 12
11 20 12
9 41 2
1 17 3
1 46 3
5 10 6
5 30 8
11 52 4
5 26 4
6 15 3
11 31 3
5 15 9
11 53 0
0 8 12
8 21 4
3 40 13
8 31 13
11 50 2
8 41 5
0 17 8
5 35 1
13 31 4
8 47 2
8 42 4
9 17 10
2 50 3
10 36 4
7 15 11
10 15 0
4 31 13
5 14 8
6 41 0
1 38 9
5 21 10
3 26 5
1 21 10
3 34 1
4 0 5
2 27 12
4 43 13
7 17 2
13 16 5
11 42 12
10 20 11
13 21 11
11 50 9
9 28 3
2 35 5
4 42 8
11 12 8
4 7 5
3 40 11
4 40 3
5 40 4
8 42 11
0 46 11
1 17 13
10 6 5
11 11 0
5 39 13
10 33 1
11 40 4
2 16 11
1 16 12
11 40 0
5 50 10
5 42 11
2 7 12
2 52 11
11 39 6
2 46 0
3 43 8
5 52 3
0 40 5
5 32 11
5 5 6
2 31 3
13 9 6
5 21 13
5 39 4
12 21 10
11 16 1
0 40 10
2 40 3
10 7 12
10 26 3
1 17 12
5 47 1
10 34 8
11 44 13
3 25 5
1 15 4
1 46 8
13 17 8
3 42 13
12 16 5
12 52 3
11 39 0
3 34 10
12 52 5
12 24 5
5 15 6
9 40 10
4 16 10
5 43 3
5 22 2
10 41 13
12 16 4
11 37 5
4 38 13
7 43 6
3 53 9
9 27 10
11 43 8
10 26 5
4 17 13
3 36 12
7 15 5
7 17 11
6 32 4
1 26 10
6 41 12
8 35 1
4 20 11
9 20 11
0 41 11
4 26 3
6 34 5
3 46 12
10 33 3
8 17 11
6 31 7
10 34 3
12 7 9
3 7 11
10 40 11
12 7 11
1 46 11
4 52 11
12 48 10
13 50 5
3 48 5
9 41 8
13 17 10
10 31 12
8 26 2
2 17 10
5 52 12
11 25 5
8 40 12
8 43 3
8 17 3
8 16 0
3 42 12
10 8 12
7 21 8
11 22 12
3 5 13
11 5 12
12 26 4
7 44 11
0 6 5
9 32 1
4 44 11
6 45 13
12 20 10
0 40 3
12 41 9
5 17 4
11 7 10
8 43 5
5 20 3
9 31 13
3 49 5
2 7 4
13 36 11
2 41 12
9 32 5
8 46 1
5 34 6
8 46 0
0 52 11
9 54 5
5 12 11
12 10 4
9 31 0
13 31 0
1 27 0
9 32 12
12 34 6
2 33 4
1 52 9
8 40 5
3 44 7
9 43 4
13 20 11
6 38 13
1 17 10
12 14 2
12 16 10
8 33 11
8 20 5
4 21 5
5 7 3
12 46 8
0 44 13
1 52 10
5 34 13
7 40 10
8 46 11
10 50 8
10 41 1
3 26 13
9 15 8
3 46 0
1 34 8
12 30 2
6 6 0
5 30 4
5 20 12
9 32 3
0 21 10
1 37 5
10 36 3
9 18 1
3 26 11
7 7 9
8 8 3
5 35 12
10 47 11
13 34 12
8 26 11
7 26 4
10 16 4
7 17 8
5 15 0
4 21 10
5 48 11
8 33 12
9 40 4
3 17 11
2 15 9
11 52 10
12 47 3
0 52 5
13 43 9
8 42 0
5 16 4
5 34 1
0 15 1
11 50 4
8 0 5
8 40 3
3 12 5
1 19 4
5 35 9
12 17 4
5 45 1
10 41 11
3 11 5
5 7 11
10 36 11
11 12 3
0 16 5
1 22 11
5 6 11
1 17 8
3 8 5
3 42 0
13 1 6
2 31 4
0 8 4
12 31 11
11 12 5
10 7 11
1 43 2
1 40 10
5 16 12
5 27 12
4 43 9
2 33 0
3 3 5
1 24 5
13 42 10
2 16 3
8 14 5
4 36 12
11 9 9
12 31 13
4 7 11
5 14 13
12 43 2
8 47 1
10 7 5
6 9 13
0 40 4
2 42 8
4 26 9
1 32 11
1 41 10
12 36 4
4 34 5
2 26 5
9 35 5
3 46 1
4 38 5
3 44 13
3 40 0
4 16 5
2 43 1
5 10 0
3 16 1
8 36 13
4 17 3
8 50 9
10 26 11
1 10 9
4 42 13
1 16 11
4 21 3
13 27 11
13 36 0
11 50 8
5 22 9
9 31 5
12 44 5
1 43 10
3 48 13
6 35 13
11 44 4
12 20 11
5 48 3
11 39 4
12 7 10
12 35 11
0 33 9
7 27 4
1 30 9
12 17 13
5 50 13
5 14 4
11 5 13
11 11 7
0 44 11
11 14 5
11 40 9
13 36 12
13 50 10
4 13 5
4 50 10
5 9 1
5 12 8
0 46 2
1 31 10
12 18 5
7 32 4
2 50 5
7 53 11
0 31 5
9 21 8
10 22 5
0 41 10
10 50 12
2 44 11
9 21 11
6 15 2
10 16 2
6 31 13
4 15 12
0 33 2
13 3 5
11 34 10
0 16 4
1 41 12
5 50 2
2 41 9
8 15 7
0 33 4
8 32 5
2 47 5
4 42 0
12 7 2
7 21 3
10 40 5
4 27 7
8 42 10
7 32 9
8 50 13
10 15 4
4 49 11
13 31 10
3 52 10
10 14 12
3 5 11
0 42 13
10 16 1
12 34 8
12 5 10
1 40 4
5 50 9
3 42 2
1 47 5
6 31 5
5 52 13
9 50 3
8 39 5
3 21 13
11 5 6
5 11 1
10 17 12
1 46 6
1 54 12
0 32 12
0 46 12
1 21 8
6 41 11
12 37 5
9 26 4
12 50 11
0 41 2
5 54 12
5 42 12
13 24 6
1 17 0
13 43 7
11 13 12
0 33 5
6 15 1
11 12 1
1 0 5
11 21 10
0 35 11
10 52 3
2 3 5
5 39 8
5 43 8
0 33 13
3 50 12
13 42 4
13 16 11
9 13 11
1 24 12
7 15 2
13 32 5
4 37 5
1 46 10
9 37 4
10 50 5
13 42 0
11 17 3
12 15 4
0 41 1
13 31 3
4 16 11
6 28 11
11 46 1
11 40 7
2 32 1
4 44 5
13 6 5
5 40 10
6 40 0
4 36 13
10 1 12
4 21 13
7 41 4
0 13 5
2 36 13
5 27 0
3 42 10
13 21 4
4 33 11
7 8 11
3 16 2
2 17 3
13 20 5
0 31 11
13 26 4
13 15 1
9 40 8
11 15 13
11 42 5
4 6 11
9 40 12
7 17 3
8 15 0
5 35 10
11 44 0
9 34 12
5 11 3
11 8 3
5 44 10
4 15 5
5 42 13
8 34 12
4 34 12
4 14 5
3 52 12
12 34 9
3 44 12
9 41 1
1 40 12
8 36 11
1 35 9
11 27 5
2 36 11
5 32 4
1 13 11
6 17 7
10 7 4
8 43 11
10 13 5
7 21 5
7 20 5
2 7 8
12 46 5
12 36 13
5 22 12
11 52 6
8 33 3
11 11 4
0 16 2
9 31 8
6 15 11
11 46 6
10 31 4
2 41 3
10 47 3
13 36 8
10 26 0
10 17 5
5 46 6
3 20 11
8 17 4
13 25 5
0 17 13
2 40 13
12 22 5
0 15 3
9 17 8
10 42 3
3 16 0
3 32 5
5 10 13
7 15 10
8 37 5
8 13 5
2 52 5
5 52 2
3 7 5
12 50 5
2 15 13
2 31 5
5 43 11
0 46 6
9 37 1
5 24 12
3 11 11
0 26 4
11 52 12
5 34 9
13 48 5
10 46 2
9 41 4
0 6 11
10 38 5
9 31 7
8 46 2
6 21 13
2 8 11
6 15 8
6 44 3
10 43 2
9 40 3
1 34 5
0 50 11
9 43 13
11 40 1
1 41 3
12 15 9
2 31 10
5 50 8
1 47 3
1 26 0
5 26 11
5 31 8
5 14 9
9 50 4
10 46 3
6 17 11
8 42 5
11 53 1
10 26 8
7 40 11
3 36 13
13 42 8
2 54 11
5 17 8
3 42 8
2 40 12
5 52 4
12 46 11
1 26 3
1 21 13
3 50 13
2 46 8
13 15 11
1 40 3
4 17 5
0 29 11
3 34 12
11 36 7
6 31 12
10 16 5
0 41 12
12 46 2
12 37 11
1 52 2
0 33 6
0 32 1
5 7 12
4 50 3
4 42 3
3 40 9
5 38 9
9 26 5
11 36 10
11 16 3
0 31 3
5 15 13
5 44 0
10 17 4
12 30 4
4 27 12
12 35 1
6 31 8
11 44 8
13 49 5
5 26 0
7 43 9
7 36 11
8 34 10
0 2 11
0 17 10
5 30 0
5 37 2
10 15 9
11 53 7
9 31 11
4 37 9
12 41 2
8 31 11
1 34 11
9 40 6
9 50 0
13 21 3
6 17 10
11 52 13
11 35 9
0 41 9
4 50 5
9 21 13
6 43 4
12 41 7
11 5 0
8 47 12
5 39 6
3 44 8
10 40 6
6 21 4
1 45 5
11 48 12
3 26 8
10 52 11
3 46 2
3 16 4
11 16 10
9 15 10
8 41 10
10 34 5
12 47 8
8 46 12
9 37 5
11 19 9
8 44 3
13 26 11
12 33 5
8 46 3
11 52 0
3 46 8
2 17 13
11 47 1
10 46 5
7 50 4
9 7 12
11 5 8
3 15 4
7 26 5
10 41 3
7 32 11
0 50 8
5 46 11
12 46 0
0 40 9
11 12 4
1 17 5
13 40 2
11 50 0
0 43 13
8 15 13
12 29 5
10 21 8
1 41 4
11 7 12
3 44 6
2 15 6
4 36 11
9 26 11
10 40 12
3 44 11
4 20 5
1 53 5
5 44 7
5 27 8
11 35 4
0 50 4
8 41 4
6 43 0
0 20 11
8 21 10
6 31 0
4 26 0
10 50 3
12 15 0
12 34 13
3 40 2
10 42 11
8 41 3
9 24 1
5 5 11
3 43 5
12 40 13
2 16 0
11 26 0
2 16 1
5 47 10
13 52 11
4 40 1
0 17 3
13 8 11
2 21 3
1 35 5
8 32 3
9 26 3
7 40 5
5 42 3
2 16 10
7 31 3
7 13 5
0 33 3
4 16 0
5 52 8
12 47 11
10 17 13
2 41 10
5 26 13
12 17 5
2 43 12
0 16 11
12 40 0
9 49 0
2 0 5
5 50 12
12 44 3
10 46 12
3 39 5
5 0 11
11 36 12
11 48 3
2 26 8
10 46 1
12 7 4
13 44 2
3 33 11
4 40 5
6 17 0
5 40 13
4 38 1
0 53 11
5 15 7
8 15 6
4 7 12
0 43 7
10 16 11
13 15 8
9 17 11
3 21 11
8 31 4
2 17 5
11 33 3
13 43 4
12 22 1
5 5 12
5 12 3
4 32 0
0 46 1
6 33 0
12 30 10
4 40 12
10 15 13
1 19 5
0 41 8
4 43 7
8 41 0
13 13 11
13 43 6
5 7 4
5 13 12
11 44 7
0 41 3
12 36 3
6 40 5
2 47 11
12 17 11
0 36 11
2 42 5
2 34 3
4 23 1
1 53 4
6 21 11
4 8 5
9 27 1
0 49 5
12 34 3
2 50 11
5 44 11
0 15 10
5 22 1
0 46 3
9 23 1
10 50 11
3 21 10
2 37 5
5 7 7
6 13 11
13 13 12
11 52 3
0 8 5
5 32 3
6 40 11
11 26 13
10 31 3
4 7 9
5 24 1
1 17 11
0 26 11
13 31 8
10 41 12
9 17 13
1 21 4
12 53 10
7 7 4
6 31 11
2 41 11
2 31 13
13 21 10
3 40 6
8 33 10
5 34 7
10 16 3
13 50 4
5 52 11
3 16 12
0 15 5
12 40 4
3 50 2
12 33 11
6 43 7
10 52 5
12 17 8
11 7 7
1 38 11
11 40 5
8 6 5
8 21 3
11 26 4
12 32 10
2 15 0
10 25 5
7 8 12
12 42 3
11 43 5
0 33 11
12 36 11
0 34 5
5 21 4
1 41 0
11 7 4
5 47 12
5 53 2
8 26 3
9 17 0
2 16 8
4 52 5
0 31 4
11 29 12
8 17 13
5 38 12
3 46 10
0 15 12
11 38 5
6 34 12
1 9 4
9 17 4
7 40 0
7 26 11
4 7 8
5 54 0
7 31 2
12 27 4
5 54 9
9 2 2
3 40 8
5 42 2
8 52 5
9 35 1
0 42 4
9 50 11
8 31 2
10 21 13
0 31 8
9 8 3
1 16 2
11 14 3
8 16 10
4 7 2
6 33 11
2 21 5
5 53 1
1 52 7
3 0 5
9 40 0
