0 0 2 4 6 7 9 12
1 10 3 6
2 1 2 11 9
3 11 10 3 4
4 2 5 7 9 11
5 1 12 7
6 3 4 5 6 8 10 11 12
7 0 1 4 5 6 7 9 10
8 2 5 6 7 8 9 11 12
9 2 6 7 11 12
10 0 1 2 3 5 6 7 10 12
11 1 2 3 5 8 9 11
12 2 3 5 6 7 9 11 12
13 0 1 2 11
14 3 6 8 10 11
15 0 1 3 7 8 9 11 12
16 1 2 7 8 9 10 11
17 0 9 10 4
18 1 7 8 10 11 12
19 1 4 5
20 0 3 4 6 8 9 12
21 0 1 3 4 5 8 10 12
22 0 9 6 7
23 0 2 3 6 7 8 12
24 4 5
25 1 10 9
26 0 2 4 7 11 12
27 11 1 3 5
28 1 2 3 4 5 7 8
29 2 4 7 10 11 12
30 0 1 2 3 4 5 8 10 12
31 2 4 5 6 8 11 12
32 5 6 7
33 0 1 5 10 12
34 8 10 3 5
35 8 3 5
36 11 3 4 5
37 2 3 5 6 7 9 10 12
38 0 1 3 4 5 6 8 10 11
39 0 1 2 5 6 8 10 11 12
40 0 2 4 8 9 10 12
41 0 1 2 4 6 8 9 10 12
42 1 2 3 7 8 12
43 0 12 7
44 0 3 4
45 1 10 12 7
46 4 6 8 9 10 12
47 0 1 4 5 7 9 10 11
48 1 2 3 4 6 8 11
49 8 10 7
50 0 10 5 7
51 1 5 8 9 10 12
52 8 10
53 2 4 7 8 10
54 0 1 2 4 5 8 10 11
55 0 2 5 6 7 8 10 12
56 2 5 6 7 8 9 11
57 9 2 7
58 8 10 6
59 1 4 9 7
60 8 4 5 7
61 0 11 4
62 1 3 4 5 9 10
63 1 2 4 5 6 9 11 12
64 0 3 4 6 11
65 1 2 3 4 5 6 10 12
66 0 3 5 9 11 12
67 1 3 6 7 10 12
68 8 10 7
69 0 1 4 6 8 9
70 9 12 6
71 0 5 7 8 9 10 11 12
72 0 3
73 1 4 7
74 6 7
75 0 9 10 11 12
76 1 11 9
77 0 9 2
78 1 2 5 8 10 11
79 0 1 2 5 6 8 10 12
80 11 12
81 0 1 5 7 9 11
82 8 9 2 6
83 1 2 7 8 9 10
84 1 6 8 9 11
85 0 8 6 9
86 2 3 4 5 6 8 9 10 12
87 2 4 5 7 9
88 0 1 10 9
89 0 2 3 5 7 8 10 12
90 8 9
91 0 1 2 3 4 6 7 10 11
92 1 10 11 7
93 10 2 12
94 1 5 6 9 10 11 12
95 0 3 6 9 10
96 0 2 3 5 6 9 10
97 3 4 6 7 9
98 3 6 8 10 11 12
99 9 2 5
